10
32
33
48
49
50
51
52
53
54
55
56
57
63
65
67
68
73
80
109
937
12290
19978
19982
20113
20135
20165
20219
20316
20351
20379
20445
20449
20540
20805
20869
21046
21151
21153
21387
21457
21462
21482
21495
21518
21548
21551
21578
21644
21709
22120
22238
22312
22320
23384
23481
23545
23558
24182
24320
24433
24577
24635
24687
24744
24847
24910
25152
25215
25253
25285
25511
25805
25918
25968
26377
26381
26412
26426
26524
27491
27492
27744
27874
27880
27969
27979
28040
29305
29366
29575
29983
29992
30001
30005
30340
30417
31471
31532
31751
31995
32452
32477
32479
32534
32536
32622
33258
34892
35013
35686
35774
35797
35831
35835
35843
35880
36127
36131
36820
37325
37327
38408
38459
38754
39029
65281
65292
65306