32
33
40
41
44
48
49
50
51
52
53
54
55
56
57
58
63
65
66
67
77
78
79
80
82
83
84
85
91
93
97
98
99
100
101
102
103
104
105
106
107
108
109
110
111
112
113
114
115
116
117
118
119
120
121
122
8451
19978
19979
19981
19982
20113
20197
20805
20869
21046
21147
21160
21319
21387
21495
21512
22120
22411
22826
22833
24230
24320
24555
24635
25139
25509
25511
25918
25925
26029
26080
26102
26242
26495
26497
27491
27744
27969
28201
29076
30005
31471
31532
31751
31867
31896
32447
32452
32477
32536
32593
32852
35302
35686
35759
35823
36127
36807
36830
36890
38169
38381
38388
38459
38480
38556
39044